624288
27591
347323
677771
16560
90794
923244
854863
27519
292189
779517
738927
252232
802875
82920
689410
877256
358743
280392
346689
302952
964111
301253
842148
70226
896098
956456
614063
382556
39371
719391
6845
66962
66714
200968
599874
157508
124213
454738
701379
416402
750607
956658
184986
69835
39578
874396
463443
398321
671140
810132
217625
151603
111386
59773
221829
7484
532582
352244
390040
571953
71635
396885
155268
654701
597854
755142
812209
238419
726232
29940
654821
476840
986598
839807
546675
542528
230555
10118
457201
901695
820250
674826
53298
447988
734600
791479
455472
783534
143724
845513
355487
731711
758750
27107
386413
872956
298602
714974
111375
24834
261267
282548
18026
764217
638707
81053
306746
869262
607523
763947
770957
944126
438774
340607
392114
689726
132087
847587
473260
275811
209452
345099
523874
484554
372207
426639
357511
670809
657966
985238
211995
919233
784139
230022
683450
939198
311075
990196
324813
434951
270496
612122
379077
709270
952730
771191
915348
84817
135130
388608
876980
860934
250059
400854
345489
622266
343846
219352
809427
1812
720942
21423
437397
21433
251445
120847
960632
78872
627396
285445
513823
414244
897567
409252
639866
366649
180444
555214
451466
831926
460174
328446
692861
710233
245653
38350
332500
589499
774054
658279
107663
494996
679702
545060
516430
447499
182259
993414
42724
326007
795211
72899
256603
209130
482152
896469
575780
178948
451683
27246
10874
911857
872045
220087
138443
117698
774789
470943
223549
548843
645574
331212
560192
325277
392624
592974
289128
91235
586388
331852
417243
897951
921104
190198
107081
403256
86668
199213
582204
538351
742812
109430
966561
614857
329518
105004
248907
104307
92299
472456
169503
737873
320020
111375
579502
